10 10
             1             1             1             1             1
            -1             1           0.5      0.166667     0.0416667
             1             1             1     0.0277778    0.00173611
            -1            -1        -0.125             1     7.234e-05
             1             1        0.0625     0.0007716             1
            -1            -1      -0.03125    -0.0001286      -1.3e-07
             1             1      0.015625     2.143e-05         1e-08
            -1            -1    -0.0078125     -3.57e-06            -0
             1             1    0.00390625         6e-07             0
            -1            -1   -0.00195312        -1e-07            -0

             1             1             1             1             1
    0.00833333    0.00138889    0.00019841      2.48e-05      2.76e-06
     6.944e-05      1.93e-06         4e-08             0             0
       5.8e-07             0             0             0             0
             0             0             0             0             0
             1             0             0             0             0
             0             1             0             0             0
            -0            -0             1             0             0
             0             0             0             1             0
            -0            -0            -0            -0             1

